8.550138244  
-1.19193343  
9.126109861  
-4.919151926  
-12.26988663  
-2.35333882  
4.396446909  
0.662564388  
-28.64414634  
-5.955132963  
5.452220098  
8.288954103  
10.41527559  
-27.39223407  
4.48675707  
-8.926031565  
0.9852378329  
9.685744321  
-1.51719806  
3.252648198  
-9.904314827  
7.562407029  
-2.38385455  
8.788585844  
13.44010059  
0.7934955775  
3.246686238  
11.93408423  
0.5023155254  
7.948625014  
0.09037640083  
-13.49834434  
-12.16743745  
-6.921007846  
-21.20300921  
13.90052235  
9.328183432  
11.51568437  
